simd pe actp Kp Np Gb kpf max_pool wsep asep type
1    1    1    1    2    2    1    0    1    1    6
3    2    4    2    1    2    1    1    1    1    0
1    4    1    1    2    0    1    0    1    1    6
8    2    2    2    3   -1    1    1    1    1    0
1    2    1    1    2    0    1    0    1    1    5
6    3    1    2    2   -1    1    1    1    1    0
1    1    1    1    2    0    1    0    1    1    5
6    3    1    2    2    1    1    0    1    1    0
1    2    1    1    2    0    1    0    1    1    5
12   4    1    2    2    3    1    0    1    1    0
1    4    1    1    2    0    1    0    1    1    5
8    3    1    1    2    3    1    0    1    1    0
3    1    2    2    1    1    1    0    1    1    4