simd pe actp Kp Np Gb kpf max_pool wsep asep type
1    1    1    3    2    1    1    0    1    2    5
1    3    2    2    1    8    1    1    1    1    0
1    3    1    3    2    1    1    0    1    2    5
6    4    1    2    1    8    1    1    1    1    0
1    2    1    3    2    1    1    0    1    2    5
6    4    1    2    1    8    1    1    1    1    0
1    1    1    3    2    1    1    0    1    2    5
6    4    1    2    1    8    1    0    1    1    0
1    2    1    3    2    1    1    0    1    2    5
8    8    1    2    1    8    1    0    1    1    0
1    2    1    3    2    1    1    0    1    2    5
8    2    1    2    1    8    1    0    1    1    0
2    1    2    2    1    8    1    0    1    1    4